pose:
  position:
    x: 9.980929862749687
    y: -0.1927083499977736
    z: 0.0
  orientation:
    x: 0.0
    y: 0.0
    z: -0.01760236819716906
    w: 1.0

pose:
  position:
    x: 3.980929862749687
    y: -4.1927083499977736
    z: 0.0'

