nav_channel:
  ros__parameters:
    start_lat:  -35.3635664
    start_lon:  149.1649064
    finish_lat:  -35.3635664
    finish_lon:  149.1649064
    recovery_lat:  -35.3635661
    recovery_lon:  149.1649066
docking:
  ros__parameters:
    start_lat:  -35.3635664
    start_lon:  149.1649065
    finish_lat:  -35.3633031
    finish_lon:  149.1652753
    recovery_lat:  -35.3635661
    recovery_lon:  149.1649066
maneuvering:
  ros__parameters:
    start_lat:  -35.3635664
    start_lon:  149.1649064
    finish_lat:  -35.3635661
    finish_lon:  149.1649066
    recovery_lat:  -35.3635661
    recovery_lon:  149.1649066